0 594.9 557.7603289254234 1023.3111071136251 7016.787841796875 0.2080078125 0 0
10 759.2 1408.2484984965677 2357.2241646114753 15045.779052734375 0.2080078125 557.7603289254234 5949
20 774.9 1957.6786985556098 3553.8007929259425 15045.779052734375 0.2080078125 1034.6014915710275 13541
30 771.3 2440.010523274426 5140.168245348804 31079.75 0.2080078125 1370.5773148177877 21290
40 749.1 3107.348759070784 6839.03510419501 31083.136962890625 0.2080078125 1654.9802502667428 29003
50 807.1 3228.3745623860264 6898.461041725965 31083.136962890625 0.2080078125 1953.1030238583216 36494
60 802.1 3302.821176869211 8071.023016780579 63165.94189453125 0.2080078125 2184.062669038555 44565
70 810.2 4044.766625729466 10958.951479894542 63165.94189453125 0.2080078125 2354.7081258390285 52586
80 832.2 4585.129413805497 12223.440355429419 63165.94189453125 0.2080078125 2580.3351685181797 60688
90 834.8 4446.054843524201 12113.569904796615 63191.673095703125 0.2080078125 2822.095749727875 69010
100 884.1 13890.856772683492 20047.723844830067 63191.673095703125 0.2080078125 2997.3434360048172 77358
110 384.5 37793.14027164697 20601.966405798234 63191.673095703125 0.2080078125 4114.636576407562 86199
120 209.7 39980.6127114721 27030.395963650586 63191.673095703125 0.2080078125 5552.7540157505 90044
130 246.2 31074.37043411424 31409.36781501001 63191.673095703125 0.2080078125 6336.2838199085645 92141
140 194 9262.862373525086 22082.324198739927 63191.673095703125 0.2080078125 6980.081260203 94603
150 256.7 8514.31285741352 21307.47552187099 63191.673095703125 0.2080078125 7025.952999840724 96543
160 292.9 1395.0500950056298 8236.291503992035 63191.673095703125 0.2080078125 7064.502286031718 99110
170 309.3 275.6998219581016 468.5273357958608 63191.673095703125 0.2080078125 6901.762299678309 102039
180 145.4 256.93398397201685 435.40890036738523 63191.673095703125 0.2080078125 6706.822497871166 105132
190 129.9 118.68512700574962 361.7652923546908 63191.673095703125 0.2080078125 6618.835915212942 106586
200 111 84.74501161317568 268.16440997776084 63191.673095703125 0.2080078125 6540.570207525302 107885
210 32.4 14.370698905285494 95.55111600622145 63191.673095703125 0.2080078125 6474.824384620926 108995
220 66.6 146.12965480128582 350.8264188844147 63191.673095703125 0.2080078125 6455.676871433174 109319
230 2.8 2.7979910714285716 2.423079948077965 63191.673095703125 0.2080078125 6417.470221014691 109985
240 0 0 0 63191.673095703125 0.2080078125 6415.837588303662 110013
250 0.1 1.476806640625 0.0 63191.673095703125 0.2080078125 6415.837588303662 110013
260 64.1 121.90074864713338 317.8849466193103 63191.673095703125 0.2080078125 6415.7792833535495 110014
270 0 0 0 63191.673095703125 0.2080078125 6379.320233687951 110655
280 0 0 0 63191.673095703125 0.2080078125 6379.320233687951 110655
290 0 0 0 63191.673095703125 0.2080078125 6379.320233687951 110655
300 0 0 0 63191.673095703125 0.2080078125 6379.320233687951 110655
310 0.3 1.20166015625 0.21386282116571173 63191.673095703125 0.2080078125 6379.320233687951 110655
320 12 10.293117268880208 90.6244487466341 63191.673095703125 0.2080078125 6379.147319341762 110658
