0 369.5 772.4889758779827 1117.8248417055038 7495.668212890625 2.6220703125 0 0
10 443 1978.0001064739702 2585.200599985473 17469.01904296875 2.6220703125 772.4889758779827 3695
20 445.8 2469.7808976445053 3875.8470470732286 22343.119873046875 2.6220703125 1429.7707369290872 8125
30 419 3039.7558269782967 5495.40007427871 35827.782958984375 2.6220703125 1798.2333687712023 12583
40 416 3687.515792435868 6979.799524061956 43865.2568359375 2.6220703125 2108.37342122978 16773
50 466.7 4147.04694426124 7743.051027094747 57491.0791015625 2.6220703125 2422.1952463010707 20933
60 456.9 4759.789124483619 10105.31826788791 66752.46313476563 2.6220703125 2736.643796081544 25600
70 471.4 5465.993937968596 12363.542288071443 73565.02783203125 2.6220703125 3043.042781976638 30169
80 469.2 5352.383040302147 12575.733617404709 77625.62719726563 2.6220703125 3370.4742457081425 34883
90 471.8 5027.5877234316185 11830.474966386451 88654.63696289063 2.60498046875 3605.4487514373927 39575
100 438.5 11386.473151936194 17707.092165330138 91989.59008789063 2.60498046875 3756.9320934975103 44293
110 341.4 34893.30450414425 21685.403505260674 91989.59008789063 2.60498046875 4444.214593625979 48678
120 232.6 51555.488856544354 19006.86028092923 121991.033203125 2.60498046875 6439.783835630689 52092
130 162.3 61486.5738657013 16256.792624146716 132272.43408203125 2.60498046875 8368.173888161933 54418
140 127.3 48419.8197528752 39571.59349610477 146095.97509765625 2.60498046875 9906.532646277356 56041
150 152.1 34537.66836489661 42162.41813798813 146261.80200195313 2.60498046875 10761.950423551652 57314
160 133.7 27851.58286154724 43682.99617891407 147266.82788085938 2.60498046875 11376.599305828964 58835
170 153.6 5451.827928860979 23405.617107695176 147266.82788085938 2.60498046875 11742.667460684966 60172
180 34.6 12541.222920147675 37404.84044939329 178103.22607421875 2.60498046875 11586.079505786385 61708
190 43.4 7015.008608488442 28828.0743930637 178132.98999023438 2.60498046875 11591.405183766356 62054
200 47.1 27137.069841324148 52932.50296591389 178185.7841796875 2.60498046875 11559.620583304337 62488
210 17.3 34762.83864844879 58540.16299229459 178185.7841796875 2.60498046875 11676.156401861292 62959
220 13.7 18751.55763857209 51601.870039213456 179044.4609375 2.60498046875 11739.42061064067 63132
230 0.6 54031.51220703125 76901.90503985685 179044.4609375 2.60498046875 11754.604393738657 63269
240 0 0 0 179044.4609375 2.60498046875 11758.613266862003 63275
250 0 0 0 179044.4609375 2.60498046875 11758.613266862003 63275
260 1.6 233787.19635009766 7339.921224905913 261265.10815429688 2.60498046875 11758.613266862003 63275
270 0 0 0 261265.10815429688 2.60498046875 11814.742216149134 63291
280 0 0 0 261265.10815429688 2.60498046875 11814.742216149134 63291
290 0 0 0 261265.10815429688 2.60498046875 11814.742216149134 63291
300 0 0 0 261265.10815429688 2.60498046875 11814.742216149134 63291
310 0 0 0 261265.10815429688 2.60498046875 11814.742216149134 63291
320 0.5 241233.61440429688 13703.049418866745 265664.130859375 2.60498046875 11814.742216149134 63291
