0 1424.5 264.0196967240425 739.0099548790222 7484.489013671875 0.0068359375 0 0
10 1666.1 694.324160693149 1782.0157610984807 17385.8359375 0.0068359375 264.0196967240425 14245
20 1715 890.1198732034658 2582.3409166267365 22358.494873046875 0.0068359375 495.99092154088333 30906
30 1584.2 1105.1914602192217 3611.300742592225 35756.777099609375 0.0068359375 636.6458141872395 48056
40 1547.5 1331.078722280777 4555.523078301533 44286.2158203125 0.0068359375 752.8106413248441 63898
50 1812.2 1483.312559519543 5048.505746309029 57489.22607421875 0.0068359375 865.5529914034987 79373
60 1750.1 1633.8973584600994 6236.707315802706 66740.34204101563 0.0068359375 980.3797916845281 97495
70 1813.5 1944.8736683936224 7820.523239688333 73566.37377929688 0.0068359375 1079.8372592150447 114996
80 1833.5 1923.9669992314293 7944.054112680699 77539.71118164063 0.0068359375 1197.6718377914358 133131
90 1825.6 1732.5847636029803 7214.99926895863 88569.51391601563 0.0068359375 1285.5900622444633 151466
100 1650 4169.40559080552 12032.089948997123 91905.61303710938 0.0068359375 1333.6706603283951 169722
110 1371 13109.08381728736 21524.07594062635 91905.61303710938 0.0068359375 1584.927903580388 186222
120 972 18059.91722628117 26753.069316141304 120630.4609375 0.0068359375 2375.1774763197322 199932
130 752.2 18942.894954098196 29164.874090475925 120637.96704101563 0.0068359375 3102.361907518219 209652
140 587 14539.40641083335 30658.705607966567 146013.30395507813 0.0068359375 3651.0117899920633 217174
150 677.7 10456.785475466497 27373.14296279486 146085.35815429688 0.0068359375 3937.5690451719306 223044
160 649.5 6843.482339442294 23613.835199091507 146085.35815429688 0.0068359375 4129.808787180304 229821
170 674.1 1067.7923499417016 9457.897016058716 146085.35815429688 0.0068359375 4204.392436708654 236316
180 224.5 463.0127781789412 5092.028047110058 146085.35815429688 0.0068359375 4117.401232238525 243057
190 231.1 120.03435220227304 292.9434591085301 146085.35815429688 0.0068359375 4083.9563272668424 245302
200 234.6 6052.263229591261 27017.014518000993 178101.09814453125 0.0068359375 4046.9605972996183 247613
210 77 9095.522626445818 33370.78326956914 178101.09814453125 0.0068359375 4065.7814438198725 249959
220 96.4 182.75754100752073 332.82916100062215 178101.09814453125 0.0068359375 4081.228004491442 250729
230 4 19.3878662109375 47.800047102092186 178101.09814453125 0.0068359375 4066.29661773536 251693
240 0 0 0 178101.09814453125 0.0068359375 4065.653569942417 251733
250 0.1 3.55615234375 0.0 178101.09814453125 0.0068359375 4065.653569942417 251733
260 65.7 374.39861846877403 529.7051831112122 178101.09814453125 0.0068359375 4065.6374334752827 251734
270 0 0 0 178101.09814453125 0.0068359375 4056.0287552678215 252391
280 0 0 0 178101.09814453125 0.0068359375 4056.0287552678215 252391
290 0 0 0 178101.09814453125 0.0068359375 4056.0287552678215 252391
300 0 0 0 178101.09814453125 0.0068359375 4056.0287552678215 252391
310 0.3 3.5000813802083335 0.61879120549303 178101.09814453125 0.0068359375 4056.0287552678215 252391
320 12.4 108.61761671496976 215.26191561259117 178101.09814453125 0.0068359375 4055.980586190816 252394
