0 540.5 733.3390799805611 1128.7977479739868 7559.48095703125 4.35498046875 0 0
10 608.6 1912.5980259509533 2600.2062993925106 17471.14990234375 4.35498046875 733.3390799805611 5405
20 632.6 2408.391603685126 3797.254283406546 22363.85498046875 4.35498046875 1357.9122194093147 11491
30 581.5 3016.505810714822 5508.108305685362 35829.952880859375 4.35498046875 1730.8892966349297 17817
40 565.5 3669.2697519479457 6990.258776608182 44291.840087890625 4.35498046875 2047.2340846077873 23632
50 671.7 4027.1076192737983 7726.418761212478 57493.43408203125 4.35498046875 2360.431465657693 29287
60 646.9 4471.6495621168515 9730.297754546338 66758.35498046875 4.35498046875 2671.370909159509 36004
70 669.5 5348.803081423012 12284.059346571255 73569.59106445313 4.35498046875 2945.5686961296087 42473
80 682.9 5273.049357662425 12451.25963946139 77627.80004882813 4.35498046875 3272.807026131629 49168
90 676.9 4872.875035887123 11559.638559689842 88656.26879882813 4.35498046875 3516.7425027111567 55997
100 607.6 11567.607813078603 17799.468466800605 91992.02514648438 4.35498046875 3662.994631524019 62766
110 541.6 35870.41576918538 22200.810344185935 117950.47998046875 4.35498046875 4360.656374226522 68842
120 397.6 60294.26361182227 28032.688599564008 123191.07104492188 4.35498046875 6658.8176078053575 74258
130 354.1 82277.43368758676 29999.844333274414 137509.56591796875 4.35498046875 9384.67252142311 78234
140 273.9 104102.00075541846 31247.605745494115 146097.9970703125 4.35498046875 12541.056101849714 81775
150 320.3 113520.31280748155 29567.528003360483 147470.17700195313 4.35498046875 15508.439344935177 84514
160 334.4 123233.19384495496 20363.41404123656 149895.79296875 4.35498046875 19087.35826259693 87717
170 317.8 131280.94686622717 10746.34131627047 172396.57104492188 4.35498046875 22911.867923015827 91061
180 143.3 128318.15923710231 13836.985799663282 179352.30004882813 4.35498046875 26566.37330700256 94239
190 130.5 131682.9742056543 15183.064317552884 179564.80810546875 4.35498046875 28090.43791564284 95672
200 119.9 134034.36578883248 16761.606190837898 188482.15795898438 4.35498046875 29484.461858005103 96977
210 36.5 132090.15923854907 15772.427609327477 188482.15795898438 4.35498046875 30761.304821795253 98176
220 67.4 146440.37029793859 20534.53232440122 188482.15795898438 4.35498046875 31136.631151567784 98541
230 2 151425.55369873048 15839.756165894627 188482.15795898438 4.35498046875 31919.927227611264 99215
240 0 0 0 188482.15795898438 4.35498046875 31944.01260605055 99235
250 0.1 228699.51098632813 0.0 228699.51098632813 4.35498046875 31944.01260605055 99235
260 64.1 235491.45133222322 7283.635036305718 262366.1569824219 4.35498046875 31945.995308884 99236
270 0 0 0 262366.1569824219 4.35498046875 33252.32847178397 99877
280 0 0 0 262366.1569824219 4.35498046875 33252.32847178397 99877
290 0 0 0 262366.1569824219 4.35498046875 33252.32847178397 99877
300 0 0 0 262366.1569824219 4.35498046875 33252.32847178397 99877
310 0.3 232820.12337239584 0.5099179692636823 262366.1569824219 4.35498046875 33252.32847178397 99877
320 12 247891.44126383463 24344.57968810244 294050.22998046875 4.35498046875 33258.32269870329 99880
