0 1463.11015625 1463.11015625
10 1797.315625 3260.42578125
20 1852.74921875 5113.175
30 1779.3859375 6892.5609375
40 1730.2671875 8622.828125
50 1949.0546875 10571.8828125
60 1912.196875 12484.0796875
70 1961.88828125 14445.96796875
80 2004.18125 16450.14921875
90 1999.62578125 18449.775
100 1962.28046875 20412.05546875
110 1194.83125 21606.88671875
120 744.05625 22350.94296875
130 642.9625 22993.90546875
140 500.7140625 23494.61953125
150 624.51015625 24119.1296875
160 632.69375 24751.8234375
170 681.42421875 25433.24765625
180 248.51953125 25681.7671875
190 248.6203125 25930.3875
200 235.20078125 26165.58828125
210 72.9578125 26238.54609375
220 109.490625 26348.03671875
230 4.5265625 26352.56328125
240 0 26352.56328125
250 0.13203125 26352.6953125
260 84.58359375 26437.27890625
270 0 26437.27890625
280 0 26437.27890625
290 0 26437.27890625
300 0 26437.27890625
310 0.39609375 26437.675
320 15.76953125 26453.44453125
