0 3338.54921875 3338.54921875
10 3863.96015625 7202.509375
20 4023.5703125 11226.0796875
30 3662.74453125 14888.82421875
40 3537.15078125 18425.975
50 4281.21171875 22707.18671875
60 4092.20625 26799.39296875
70 4260.98203125 31060.375
80 4349.2765625 35409.6515625
90 4300.3515625 39710.003125
100 3814.471875 43524.475
110 3217.73828125 46742.21328125
120 2264.94140625 49007.1546875
130 1743.60390625 50750.75859375
140 1359.41484375 52110.1734375
150 1541.97265625 53652.14609375
160 1475.29921875 55127.4453125
170 1496.36015625 56623.80546875
180 500.45546875 57124.2609375
190 522.775 57647.0359375
200 545.54453125 58192.58046875
210 172.6203125 58365.20078125
220 214.48203125 58579.6828125
230 8.8453125 58588.528125
240 0 58588.528125
250 0.2296875 58588.7578125
260 146.76328125 58735.52109375
270 0 58735.52109375
280 0 58735.52109375
290 0 58735.52109375
300 0 58735.52109375
310 0.6890625 58736.21015625
320 27.51875 58763.72890625
